-8.87 -5.98
9.52 -9.79
-8.29 9.33
-1.9 4.54
1.72 -8.84
3.27 -2.6
7.56 5.24
-5.75 8.2
-3.74 -5.27
-1.74 9.99
7.44 4.75
8.34 -0.34
2.04 7.11
-3.58 -3.99
-5.53 4.33
3.63 7.44
6.55 -2.99
-1.99 -9.68
-7.05 9.18
1.45 -6.08
-7.63 -3.49
3.63 -7.98
-5.98 1.32
7.01 -9.47
9.26 2.06
9.1 2.37
4.27 -6.65
-4.99 -6.01
9.51 7.67
5.81 2.84
2.14 2.58
4.9 -2.29
-7.79 -5.52
-6.19 -6.1
6.42 2.1
9.67 -3.14
-1.97 -2.42
-7.21 2.92
-0.83 4.39
2.61 6.01
-2.43 4.89
9.8 -9.91
-5.45 -2.18
-1.98 8.46
-7.19 4.4
8.87 -2.16
-8.1 -9.98
0.69 9.27
4.07 -5.44
-0.51 -1.37
-2.73 9.76
0.05 5.68
1.88 -5.54
-2.53 -4.78
3.74 9.68
8.03 -1.71
1.91 4.94
-3.26 7.97
-0.1 -3.56
3.95 -4.01
-2.44 -8.9
5.86 8.8
9.94 2.68
-1.42 7.85
-2.4 -8.63
4.51 5.88
-2.53 8.1
8.76 -7.1
8.74 -6.9
0.07 -9.64
-8.7 -3.44
-3.72 0.07
7.03 -2.73
8.28 5.39
2.42 2.39
5.72 -6.37
-1.64 4.34
-3.25 8.99
-4.99 4.79
-4.2 6.54
5.67 -9.85
7.8 0.72
-9.31 0.82
2.08 2.17
6.62 7.3
4.06 5.82
-6.99 0.36
-2.72 -9.45
-5.12 3.34
-3.42 -0.16
6.13 0.42
-3.68 2.39
2.87 -2.72
9.91 -3.1
-3.78 8.7
2.75 3.63
4.98 1.01
0.82 9.97
-1.09 4.17
3.15 -3.26
