8.038987544989045 8.157734668255713 0
7.739825627670079 -4.081459220101933 1
9.985857218267867 -1.362452782368619 1
3.408633835616344 1.5998952417449086 1
3.6343845972118434 -5.242156090554486 0
7.215083891233128 0.5497438633343741 0
-2.7419930163841517 3.128251744475394 1
-3.131808501905864 4.882614601838291 1
3.0043487880866575 4.318239518129127 0
-4.417245611802687 8.372989162244576 0
-4.728640707780352 4.154244889825133 0
7.970466577594486 -9.586252896265442 0
1.2490408399570008 -0.16663346013870495 1
0.6190982743226332 0.46723941498491683 1
9.681746160089265 -4.361585271303099 1
3.524890082610918 9.89199975427723 0
4.0708680987394885 1.9159759624112063 0
-8.030291342066684 0.7340021738399845 1
-0.5046087248956681 -1.4415318165085758 0
0.00890879565895375 1.5416725197003966 1
-0.9556257182719836 -8.393918734381101 0
9.32971736265645 -5.175333223998613 1
-7.720524052114008 -4.47756756390598 1
8.080572437195244 8.283730500206747 0
-7.298829900252151 8.812343652932473 0
-5.639109471061725 -6.897015789936088 1
-1.1564513562567065 4.034659419656315 0
7.45677885131871 -5.0862412178807155 0
6.555880071694531 -1.5071911963103197 0
-0.2866536233208983 7.658098459016777 0
7.7162770589678615 -2.5063391724384303 1
6.352345529990394 1.7437312515811083 0
1.2791400439201297 -0.1514776265270985 1
-7.417496156009847 5.743057907552835 1
8.250724131018153 -8.823805867302678 1
-8.072054274798885 -7.058540479741573 1
-4.664910100376276 4.264352882190426 0
-3.79609381960345 6.739650515750043 1
-5.507861947032538 -2.1098762916700213 0
3.726952998175438 -6.241829652117687 0
9.323738336855556 3.3477804748392757 0
3.957310034918171 2.62795238599972 0
7.066448636050183 8.729358625775166 0
0.042802917406618235 -7.4111161403819015 1
-6.928420862482829 3.881179771712617 1
-4.508859741008687 -5.7652045038805655 1
6.89165231799349 -1.2438887226341855 0
4.066728371419073 5.381883368984825 0
-5.407963457927272 -4.631394582120394 1
-7.259760959639556 1.9863814745317647 1
0.009787736661298396 -3.64067976265233 1
3.004712175834543 -3.6211060999795546 1
9.573316209580518 -7.205832488811645 0
4.8199955099476295 6.735422004190692 0
2.3213687131419185 5.731001407267939 1
2.423578645491256 4.066393458707102 1
9.182572272099627 -3.838307973991313 0
9.247079030330333 -0.21252557581913933 1
0.10592364796535314 -9.210879260542024 1
-3.2945094332449436 8.010412043147522 0
-3.5911714763175446 8.366942559889388 1
2.5668577112449125 -9.496221944694943 1
-5.001342788022614 3.675827272859955 1
-4.4642889016639975 -4.634243280342081 1
-1.5091619749301657 -2.446792574010699 1
-3.6192060264926535 2.9129391223498757 1
5.890390304819409 -0.6805190869137974 1
7.294891981944826 7.307862488744842 1
-0.4870826440813971 -9.862082815716951 1
9.985182481845854 9.623795019443712 0
-6.626717067840479 1.353414949225499 0
2.843677599566517 9.8993787437422 0
-2.0656683594592025 6.763058870578487 0
6.713489545859133 5.817840633685984 0
-5.960954926385977 9.951363160189256 1
3.5524562896921488 9.967873475376411 1
6.775789525233481 -5.1410705758866015 0
8.094335421793467 3.4300931095191594 1
2.16020142951076 -8.678031004739601 0
0.9441688151314054 -3.40887958159406 1
-8.309741583625295 2.4574561167508673 0
-5.138918086308255 6.7156204261808305 0
8.330523930346274 0.13744438717376184 0
4.894034267745887 -9.389028081306057 1
7.230855910858395 -9.06082933452414 0
0.8298305163723558 -2.745097581000671 0
5.211274897755162 4.8074004683110605 0
7.9150789895314375 8.48848306078603 0
4.558987139581967 -1.9441189332114117 1
5.76216441158275 -2.886398554907812 0
-4.605685718364412 4.362618510282633 0
8.193719700572267 5.609955546251854 0
-7.480598621376187 1.7202367420429816 0
4.844900924823614 0.016274163998579283 0
6.0430682757542655 -7.952982546791207 1
-7.110430852499521 -7.549845266361512 0
-2.6677196479601744 -2.76572877104853 0
-9.258696368745463 -7.672833185496386 0
-2.9282292915173125 6.816465630865906 0
1.8776482606860707 -7.5302446267735785 1
-3.080803572127313 7.906202699783403 1
6.890743483414713 -9.335420063234318 1
-2.3899212302028783 -8.035306285167763 1
-6.404529464800797 3.8119531565545763 0
-1.958243913247097 4.421615230080697 0
-2.5656771360148216 -1.0588119630396449 0
8.938067339395289 -5.247820411198698 0
5.636300219214046 3.2797886548358797 1
4.129109505966781 -5.578139479434032 0
2.0425202455575864 7.8356279450554 0
-0.199676651430023 1.9487105422595814 1
-9.86933790845309 -2.904554546292961 0
-7.433756012489237 9.547060321753776 1
5.420425296044243 0.9379367344569971 0
-8.971187657279259 4.7431590089717695 0
-7.395870383657035 3.534025621186247 0
8.25288985143478 -8.659311220322154 0
0.6266681187270251 1.3723857948074265 0
-0.9837644113279254 7.337207823769852 1
1.5442339971815127 -6.651898625274255 0
0.5197979226677152 -7.01725419709085 1
-9.474674701397472 -2.047702872060433 1
-2.6743966782332755 -1.1018038124818048 1
3.661175223553437 -8.01046514123772 0
-1.2481862490338553 -4.955274135961081 0
-6.777030028203055 0.9906742609286958 0
-3.5783039949885893 -9.145629610533799 0
9.202337529526314 8.760645034548787 0
-7.148504905429867 -1.7956131946045257 0
-7.7285547886058925 -6.636461261384614 0
-7.507862258041764 -6.832327201490234 0
5.116349886694845 5.203541930842558 1
8.00212168844017 -1.5912655063412622 1
-9.478157767405232 -6.3627714512034235 1
9.727416289476608 6.272557244465528 1
7.3970447202809915 7.326842890671351 1
-7.9315276945351005 -4.875293484540981 0
3.6001215915396862 -9.030912515102628 1
6.931392829709125 -4.050050388161148 0
4.770861298887144 -2.817193065513644 1
-5.950806611901038 -2.725793945803739 1
-2.7071506502655325 4.160100099747169 0
6.890397322515 0.5899967366942782 1
-7.754538755420355 8.69450416019641 1
7.708411291397546 -7.566459859364663 0
-1.7544658153429449 3.188826885189844 0
-3.026191155307587 6.590423132802769 1
-4.261295955769693 6.709062210557629 1
-3.8343742137283137 -8.609249627766186 0
8.035872746941433 -8.27054255741582 1
5.596862485752004 -9.499068679409318 0
-6.793516311696221 -6.287789310842156 1
-7.081311303557167 -0.6844333910325595 1
-0.3170128868305415 -8.02431561472453 1
-4.570050855965433 -1.1780416602532089 0
-2.181026314538528 9.529577032264875 0
-5.68546551872942 8.900680866337638 0
6.811793574773578 -8.681650842203554 0
7.175535358541133 -7.704585175338428 1
3.3367399400195374 3.5156700276944512 1
-1.691992168833199 3.8997768116751566 0
1.7742759572449565 -3.635272777158873 1
8.59747635074292 1.0067173768775621 0
2.2805075992918145 3.2440697307161415 1
4.696955132818328 -8.471447244800052 0
-3.470480290617994 4.7141666292602284 0
4.164855516470023 3.5294994894131833 1
-1.0324703881596893 -1.6613468028119378 0
3.7497553132919563 8.732078735745837 0
-2.5587783278328002 5.909699177823434 0
1.0013472862339956 -3.5385423179490942 0
-2.491363935478958 -2.714589921137984 1
-5.33998866182821 1.6514350992704472 0
1.7977197229718023 -9.56048838570828 1
-7.558077513691144 -8.112967701499258 0
-3.9578794092642617 9.272394206976628 1
8.310617192340843 8.607637303398189 1
-8.519460880741727 -7.2859570041564865 1
-2.326204051264911 -8.072800176456308 1
-5.885504507302921 8.24455535679996 0
2.01038707295395 0.28619379164890724 0
1.3900820634057904 8.196398657601843 1
9.676631408501294 -3.8185813683428886 1
4.7990680464790145 3.1993412907514234 1
8.239526629140855 -7.463242529266772 1
-4.920709441554254 -0.728163797847909 0
6.303713613378072 8.729011402943943 0
6.486538699550579 3.3450536004272315 1
4.008292500099959 9.790709696302244 0
6.044565383096405 2.8742576334271224 0
5.693295995786157 -2.2399062659079583 1
-4.400710410761171 -9.288100762033242 0
1.8559623049043381 -1.074753022285373 0
-3.5766155216922684 -2.4310325434054576 1
9.50229518258087 0.6283927211966951 0
-2.050478176403643 -5.637157853236356 0
-1.535107352463914 7.45204036074151 1
-8.800904724496215 3.2729043170355983 0
0.15630835561802847 -7.788105717511938 1
-8.917460479428268 -2.1848690179775936 0
7.962447032389015 7.903925471260184 1
2.906464025931072 -7.88172788658946 1
-3.8049640503038358 -6.269795713992734 1
-8.357317599568656 -0.47126272903436117 0
4.331719101925827 -1.6864136765342188 1
-2.7559878893174723 -2.3181043451474963 0
-4.488109108336276 -2.0975412377779 1
2.92059678654687 9.422235503079037 1
-4.681828733290441 3.41727218725495 1
-6.867929615566604 5.148567830094057 0
9.674212312380984 -7.459316646876584 1
0.8868827115623485 8.967339350080422 0
2.0251293822911958 -7.488217191947153 0
6.442755455001283 -5.443583902529956 1
0.1868658452989891 6.493411850222074 0
-5.620676302038101 -7.420365885797513 1
1.0589117241885937 7.496616957757752 0
-3.071797326596717 -0.3030848061415341 1
-1.9195467004356654 0.7227614895980317 1
-4.260465173699551 -6.203496524320564 0
-0.6589673938422003 1.6875512614530468 1
-2.227554858867185 -3.027084745770412 1
5.244365985917636 0.7177703462260521 1
4.065010118847095 -6.200868242038977 1
-8.727686451339917 -8.605067563460294 1
-7.1821340055434035 -7.27295142643775 0
-1.4615453092392023 7.827291369865787 0
3.18372136721338 6.969874652999213 1
6.4995154650367155 7.43408625392556 0
-1.8023072153203845 -7.56154489438792 1
3.592731353658298 8.466612217893342 1
5.556095936526507 8.586162581323673 1
0.34929297936434267 -8.422852991017498 1
3.840226894767902 6.594770713461838 0
-3.1078938539882 -9.419653764553681 0
8.688246852882873 9.902163737496753 0
0.10133575839881281 8.135654656060016 0
-2.659357372968378 -9.459247985464698 1
8.609830553853794 -9.961014212385066 1
5.321450951927671 -8.025825561747038 0
5.607018390982436 -6.471240467693155 0
-9.83040876784849 -0.20864762124497105 0
1.8935235204750978 1.7727591477974727 1
-9.796879471658118 -6.904612479083127 1
-9.888357192077743 -2.6294388379441314 1
4.2363068209996655 7.319955334330174 1
1.4637994930708853 -2.95098889015847 1
0.6839904141622544 3.3234200322963066 1
-7.333139805162753 7.843118750005999 0
-2.1157147881702247 -0.4201938096263902 0
-6.685975542917726 1.764083224604187 0
-3.5205063621387023 -9.92150149986153 0
8.964293620993637 1.0562065933411198 0
-2.4983528942042454 -8.41689559187348 1
0.9359123790107873 9.841602329588397 1
-4.113733667404946 5.59585421309124 1
-1.4997133927126924 7.768416584203241 0
4.575065594659403 2.4453702062973814 0
3.8921048747997062 1.0004961353774728 1
2.3173481123645736 2.001095743195556 1
-2.390121050657825 -2.1532468289481255 0
6.844819083317571 3.8405535443276424 1
6.813454291459291 -7.997200072463608 1
0.8415037285576243 -8.742034677674459 0
8.386116700516347 -8.47255073498552 1
5.622305936615797 -8.159934016728714 1
6.078760856015805 -8.517089907374611 0
6.356277289600239 1.7940706770422459 1
-3.5575926989698896 3.071857690532866 1
-8.031364703543666 9.297983425335087 1
8.329393932440727 5.362840781690462 1
-8.016981526509824 -8.353467224352748 0
-6.595276069408788 7.494181979209195 1
0.6733887788818649 8.296860000479889 1
-0.9898587906299916 -6.94952187003369 0
-5.1864036366880235 6.325439027595721 0
-8.196272180449462 7.550275543491143 0
-9.170787222494369 -7.5673997441037955 1
-7.082688618824189 -9.161653265775218 1
5.796720756469638 -5.622413571472733 1
-9.796023410673854 -0.018217863315923566 0
-0.14733025996660132 -2.868304573123803 0
-2.50121067621345 0.006638754959254811 0
7.524123673227233 8.607674210253155 0
-0.679324068717726 -1.2314284408669085 1
-1.1667132377959888 -4.530233495872267 1
-7.086706599635033 7.414709091159242 1
-1.513839347877541 5.922381337004392 1
3.614734201260518 -1.1871417927215866 0
-9.661920806589915 5.933004067777784 0
-3.982132543930592 -8.392743466714894 1
0.7823667001513144 -7.104086181024494 1
-2.6888552737217486 -2.5317465819924116 1
0.5469736006720094 3.42320541458324 0
-0.353187675870279 7.359078557186475 0
-3.1485033083548286 2.7889410912938217 0
4.662203036335107 -9.451700446504734 1
5.214758771439545 -4.903990936349752 1
0.3919639891468911 1.9078981042243353 1
9.328582747219222 -6.299783713858094 1
-1.3839133099203753 5.527665543340559 0
-7.682971505114089 1.6791859765198112 1
-6.939669750880038 -9.891122876479967 0
-3.848447293000379 0.5077854259252685 1
0.24611461784082067 -0.062760181661206 1
-2.8573117732974858 2.001043355805411 0
-8.689178679917935 0.7359379751814021 1
-3.9505616812834043 -6.913098038914023 0
6.4358059822931715 4.287820704701392 1
3.712936647676287 -5.320438023590026 0
-5.89155541876085 -9.506780368045597 1
-2.438657012470955 7.660793174575872 0
0.345701060833024 -9.349429910999543 1
6.477723725581761 -9.260285976817002 1
-0.830401209000458 -7.294413842771082 0
1.9081484803146438 -8.458781502209238 1
-1.6882501136147923 6.726749892220635 0
-9.248735896707087 -0.38728221536519314 1
1.353935346050509 -2.6806150345255597 0
-7.758743821682739 -3.0588295340399085 1
-2.948164511460549 4.4905345997911805 0
-1.362641605118828 -0.40259479615033555 1
5.4355362248826555 6.676620215693426 0
-1.0422576266679364 -0.27104824303634345 1
-4.373594617643768 -5.779148763124882 1
-2.551185803495162 1.734229372991953 0
0.34211032228583527 0.2927245794856894 1
-9.054045444892953 7.6372206477046625 1
2.618474949307622 -3.9646044195493264 1
0.6928893884287426 -2.185597583668219 1
5.186023399119469 -9.523335335829026 0
6.879973532814439 3.4897457534301335 0
6.934396573888495 -4.857264297080559 0
8.8589862654879 -8.106595587630434 0
-8.449806488985704 2.514139955772592 1
-4.281448714088134 4.280312882931007 0
-7.22943706264731 5.274470506406876 0
-7.154856499341118 -3.043295982305567 1
-5.37825042620685 5.4343652091912595 0
-1.2372328731922728 3.265359920856225 1
-0.12841528810519698 -8.298706927702517 0
8.680782667575425 1.289518654712733 0
4.472817549922842 -5.117484629223332 0
-4.183444351816683 -2.8080883943644004 1
-2.741859956225168 7.941384804691921 0
-7.409617724258175 9.246398303949995 0
6.574974921549067 6.872358502849387 0
-1.4476772825790114 9.049926608809933 1
-2.5334775693886735 -1.9908237197522887 1
-5.026350902296491 1.9707615327491155 1
-8.12557524057909 8.697373247744714 0
4.162278575622151 6.348495798664246 0
-0.4398582653445011 4.936198508646623 1
1.8492480331826329 -8.781627319683288 1
1.7967642303336575 -2.865999281820539 0
-6.719496378980723 8.231895726610258 0
9.939924741896998 -5.298970363376537 1
-9.87027911666444 6.83896519523033 0
-1.7092983184698518 -7.430440720287351 0
1.529521918722816 -1.6743001979296288 1
-1.929795788527768 7.76582334896522 1
4.555236478146368 -3.9344297668860033 1
-7.237074287382084 -6.812169161098005 0
-7.837849115145978 3.6269185754814295 0
9.00457709030215 -9.571068123210782 0
8.617791515619693 3.803313905612482 1
-1.0443616585441369 6.878498821256134 1
-0.9116369808514051 6.711863437251338 1
7.970127060743366 3.7975409475231015 1
-6.149207440053408 3.7815216939346854 1
-4.457894972299039 -2.269335304580407 0
-1.247999780405614 -6.408245467315064 1
-1.663847429816645 2.270272698130036 0
-4.638781311440723 -7.495621311649854 1
-3.4486161017864436 -1.4690342102422562 1
4.335030462132796 -7.680641562834623 0
3.703407088139416 4.807663152997124 1
0.5472340831097728 4.856036893055457 1
-4.4957764815343415 -9.235777560152174 0
2.999981786092924 1.4278310071602025 0
1.999946405080287 -7.219665547473801 0
7.067765016415997 -2.3076165225900036 0
-6.936659456229273 -9.457382252077139 1
-7.743304401021978 9.411187070400722 0
-6.304982924013962 -7.385563338589963 0
3.0927240475346824 -9.979346931057512 1
-5.982109416774282 9.352847439754534 0
-3.73668566243828 -1.904917969150988 1
-1.3291267234769695 3.0054084803096472 1
-5.019897936809947 1.3089226502888316 1
6.938665442867126 -0.046114918845566066 1
-1.4024992301578045 -6.916161388060697 1
7.1405642380280305 8.093784344402582 1
-3.1229489924563403 -7.274570450439681 0
-0.286739249338142 0.6865926629512984 1
4.04086342657199 8.830753599226348 0
2.9854608843745627 -9.003510349288824 0
2.034802745630129 4.660319407285378 1
-6.014342371194354 -2.3552238164265678 0
1.8849605949630224 -9.435472340136739 0
0.9374289480810898 -7.128493890317815 1
-5.435039412428367 9.997939137043748 0
-6.51899918352552 -4.84333321519324 1
-2.694406992090956 8.671523983545729 0
-8.765600793698187 9.578851813672749 1
3.655917608945165 6.172944500458183 1
-3.6966012824051635 3.4165098942134655 0
-7.501077320323041 -5.911550741725929 1
-6.632651049196204 6.334047172731548 1
4.25121532079312 3.8975582306390226 1
8.94995175073219 3.0141829458612595 0
-2.017773452804523 3.1018348954680857 0
-0.7903669272277902 9.92437001525326 1
-0.6070968325993036 -7.784175639384088 1
-9.17787883349421 -5.137688790999975 0
5.592927317366454 9.14427423336383 0
7.969496649962789 7.466101075994015 1
-2.738977030483225 -3.9417934840752338 0
-8.346718309886864 2.046446546046596 1
1.1671474677894196 4.4791296151634405 0
4.821860933236939 8.61105214390231 0
4.3346900323059465 -0.7461873193698985 1
0.4371244545897355 6.604046467564583 1
4.074002600488951 8.681710157605856 1
0.6712741932819242 -3.171800431924689 0
5.635658498130384 -7.769626997285888 0
-2.853489086433692 1.347533171853632 1
6.497870543089505 -9.651461469106364 0
-9.349686640212367 3.276679423394599 1
9.16955081144966 9.3508762840749 1
0.351318703990561 6.928457931839393 0
6.027611384766875 -9.847040018642705 0
4.900936361173452 4.615906480423417 1
0.23389003367914896 -6.247228106363325 0
-3.146915798058128 2.4382495256890753 0
1.099002994598326 -6.107853939782071 0
6.427628505149041 6.976613233805743 1
-3.1383350277144544 -7.277616700653635 0
2.2060342000228275 -1.7496345660329808 1
9.293092820791859 -0.6505166897247712 0
4.883851714304255 3.222041552453616 0
-6.660728942605165 5.144295129929375 0
-5.60468968453155 6.12388876773284 0
-1.8496545468297843 9.154702226958374 1
7.703130000709152 -6.008899674210073 1
-2.691501784127248 -0.761923308002947 0
5.394477849136752 9.336502582125974 0
-7.273156336706754 0.40984666309894635 0
-7.004202775875406 -4.9634485121718 1
-5.799838165937585 2.6242258623417314 1
2.6582078408639482 8.735511349041527 0
0.514491825020702 -1.0284181221356228 1
-0.42367084642519437 -4.015357014603582 1
-4.4209164529615315 -5.0776948993912985 1
7.551451782514093 -1.1691101989378634 0
4.349705058568535 0.22533456362213755 0
-4.518300529009358 9.492482476214455 1
-7.892978430492173 -8.532470329709998 0
-1.6167138277883417 -1.0507326916936428 1
-4.5646779928151755 -1.7170274797473546 0
-4.595030888345812 0.06924247886289159 1
-0.9159078890051511 -3.414419220243847 1
7.928714728315402 -9.007212688057235 0
-3.078751411617004 -8.973295539207413 0
4.479601443750953 2.403355835125767 1
-2.6771472507455822 -9.893837677637169 0
6.36890434015767 -5.79127606590909 0
0.848362280040325 4.991038015165419 1
-8.751029698718737 -5.1465957145839525 1
-4.171703195638045 7.583666790920411 1
7.371932465926825 -7.471776131545735 0
-8.21197903059568 6.272406604478064 1
8.60325920415385 -8.380241086046034 1
-0.7473646191954391 0.3707421638261206 1
-4.922089748120879 7.3654593566549735 0
-5.061072206280057 7.438236507608494 1
-5.959128697424108 7.718221376539624 1
-7.606391181959207 2.4958034847182997 1
7.574169870204123 -6.794674165733858 1
0.9187112082026765 -2.7341176135616667 1
-2.3294475387223006 -9.13269877803214 0
1.2461637836775257 1.291306327993949 1
-0.5080649981377778 -4.537340446363849 0
3.0921985860867736 -2.5824418978212726 1
5.890430851803357 4.875912564640201 0
0.8840310591073717 5.717909908925254 1
4.9681062405175 -9.06516473964871 0
-2.5298408201834643 1.7024031439427283 0
-0.6449705529592702 6.557418110237499 1
-3.8720464491486295 -9.996904865211828 0
-8.167539976551176 7.085845623977068 0
1.3996722611046017 -7.275424485843017 1
9.787462737244866 7.8436535176927755 0
-5.730132489082067 -9.371874760011785 0
9.417134574039615 -2.742843221055984 0
8.822404064283706 4.5909050699085885 1
9.315257896592708 -0.3556455758132948 0
-5.423986073955616 -8.227727539461183 1
5.030556600367554 7.828398907595037 1
-8.814437003429568 -6.501005033810858 1
-9.261313958877537 3.9024911750643945 1
-9.178451684411279 8.094377983406588 1
-5.373019135610287 7.651303103107146 0
-2.0464285724073017 -8.526389076760477 1
-6.554635016270495 8.4469698325229 1
-2.4572409778035293 -6.0617796976564815 0
-8.14346838425682 3.643340203744403 1
-1.3376517006556572 6.061160997264086 1
2.813693186804432 -1.788878694020914 0
-6.12490226385348 -5.210265545239006 0
-8.626984644364788 4.3666793572477225 1
5.349915039676896 0.4987267861639726 1
0.6395667073827234 1.424778254030059 1
9.664684168996654 4.5490595841262245 1
8.441391183389324 0.6464492048069044 0
-6.564099191141812 2.8888930467869027 0
8.98622217200634 8.272835413532786 1
-0.7337098122918384 9.436014918680453 1
-7.246030296822463 0.3438276012326451 0
2.103460023604466 -3.633617663126678 1
-4.540658120575549 -5.146604904247649 0
-9.295550428161409 -0.34439873374611096 1
-4.724170287450329 5.241953305743451 0
6.387096794699595 7.144130702349912 0
8.329314520097974 6.952267056924789 0
2.255844177544928 5.005485531500559 0
7.32180185643497 4.092153889169008 1
-2.7253573295692473 -1.4847558857380587 1
-1.1585117289172864 -5.560955420193576 1
-7.0681355216481245 0.792014608677702 0
2.2338310173404743 -7.117212150310774 1
-5.772905649930147 -7.851831349757703 1
-2.9939484824344387 -2.117178233868728 1
6.200166632337357 4.958040479409462 0
-1.0673866380897934 2.7195162127222066 1
-0.5076470467132932 9.979100728042301 0
-0.09629117803916465 8.105434755467403 1
4.179845141586052 -8.109689780188205 0
-9.820590223367187 -9.28104691392554 1
-3.9246018420904623 -1.2027085083963733 1
-4.095191386185634 3.217187201483128 0
5.053415777730022 -0.0997829914414261 0
2.585720947619926 -3.2049212374354656 0
1.8672538172588222 3.3990349031923124 0
-0.012201961336355538 7.913050369310671 1
-7.739595488141164 -7.095938584105306 0
-3.74244138483051 9.311014765885282 0
5.254174741451166 -1.288986168541859 0
5.61852215752635 2.9301360576968243 1
6.77295569032761 1.3643512045733335 0
-5.282450538886135 -5.038656152227404 1
-8.878209638218673 -6.4619243882893045 1
-9.336990295930834 6.78437110020446 1
-5.805148074111575 1.605679346606049 1
9.030475956980005 1.3438678164463873 1
6.543015387417402 7.768631796223051 0
-9.831937998782156 -5.558673673310914 0
9.998228803035971 -1.6969539361106367 1
-2.1701853274768297 -8.090011548825482 1
3.5390377299924065 -7.6997571393093045 0
-5.8095000532839824 -7.673852646546003 0
-7.926226947862014 -5.860941356928788 0
-1.122937096561639 1.1850047886253652 1
9.926510964358528 -6.672061642983904 0
8.004011692594226 8.903723537218273 1
9.051793885165416 -4.506559814707469 0
4.908525551656771 -1.0477699166080328 1
-3.2361154197950937 2.533461731585538 0
-9.271261496953105 8.39443865541882 1
-0.15420183020218658 1.4518267652064694 0
-4.687564226460042 -4.064438133202928 0
4.458222840111407 -5.464128299984383 1
2.6770147371242388 8.886209296412378 0
-2.0652271863363953 -0.2632322796055302 0
-3.069352533197767 7.816789231829858 1
-4.785762260060292 3.6225726092145454 0
-3.5189370207367476 6.673791322853539 1
6.2709754844401004 -6.372384484041582 1
2.551803538410107 -9.4640344630547 1
3.9979677501205195 -4.3048314673653865 0
-2.911183609380206 -6.05234270018733 1
-0.22927940636882482 4.0659512843935435 1
-8.082800689019567 -6.23473251320269 1
-6.803583671131119 7.394131908995153 0
5.219129150817922 4.946498844687282 1
-5.075085566204902 -8.849041232755557 0
-4.201104621682856 2.866382253998438 1
7.688533293063024 -8.296755400158677 1
7.299576664530946 5.734976207625451 1
-7.834915332600754 -8.66407648942165 1
-2.431710826818767 8.651686915575379 0
4.253398737649354 -2.8084681218985956 1
8.610377008457661 -4.884749132411459 0
-0.09106243218852939 -7.747358002507346 0
-3.5673602534233817 8.182743440123769 1
-8.615329902613817 2.29605290774151 1
1.5800565026355748 5.931263555824495 0
0.30457764281414157 0.665899302987814 1
5.216181153747526 -5.575933638277157 1
5.856274475801422 9.766799201524076 0
-8.634451442643172 5.288783259847209 1
5.151799155489165 -6.319198727158382 1
-4.6050516964472665 1.318268677810634 0
-5.395562769857998 0.727490738884871 1
4.867107716502021 -0.716732150669511 0
-4.673613577494542 4.766611920566518 0
2.0231634877768734 7.683401748368944 0
3.4744471791746108 -6.30367432743083 0
4.097776046460268 -4.08598186762668 1
7.917988333122295 -3.7454166478905897 1
-8.985416526752923 8.862206268270505 1
2.062910172809648 -9.028091599371571 0
1.2521233883258986 -3.3001089819692053 1
1.3075244538460122 -8.220471562604894 0
-2.131131634725742 8.224123718290134 0
5.292808176386231 1.5264522113900885 0
2.733854327527318 0.6247095651982484 0
1.7026369381297997 -3.085700176659289 1
4.391576459019062 -7.351515191678559 1
-3.49141240702653 5.141399619155473 1
-7.601643744124025 5.430649506224528 0
-7.270335104429735 -7.569838825245673 1
-6.198226663950146 -9.853199924804986 0
-7.278262605171961 1.2588059324856644 1
-4.770601789813673 -8.683600646409053 0
7.671062363348533 8.090029437848024 1
1.9031694823992389 -0.7671011403662327 0
-0.8727091367903057 -3.88494448191703 0
-3.3444464278769903 -5.583641097387117 0
7.944686725546422 3.3729403545021857 1
1.2435381942041275 3.035517553596481 0
-9.01121118160737 -6.101774934007924 1
-3.593124475262222 -6.1367012808282535 0
8.194993086091756 3.7951616317737376 0
3.138090677217738 4.115784715794948 1
1.9830902084425812 0.4641848485619242 0
-3.3161588370518347 -7.04892668347197 0
5.240906398470173 -4.355681481503457 1
-1.3803123714965349 -9.712564638787304 1
-3.145774346381687 -3.038230963391837 0
-3.96598908463006 8.831638180276116 0
6.9756206498173405 -6.061878545792183 1
2.0873701257335853 -1.0843669810649246 1
9.281918798286966 -4.775838518109832 1
-4.772687123461341 9.558569504100618 1
-1.9581480032885796 5.9353033206108385 0
-0.9494372092446923 3.159331782931929 0
-9.367130302609358 -6.913117296596871 0
5.206245875797338 5.097368132107761 0
2.225624718058432 -8.467040607952539 0
-4.694281438178183 1.6380212373911078 0
-9.72905003387529 -4.328116685588627 0
-2.5968802837188765 -0.4847046267708439 0
-5.359395832884191 -0.8028429929178706 0
6.765509508775416 3.07610467657393 1
-6.209205259561417 -8.551435679907474 1
5.913535613430783 8.616631158621999 1
7.180100513028073 4.102690203740755 1
-2.5892261890843855 -6.746258880618907 0
-6.986893807465206 -2.364855970875115 0
-2.438692767349096 -5.212879565102082 0
5.499113212312626 4.523535359229472 0
-1.8046325035980697 4.795720153248876 1
-2.2809201731726585 -2.574242132907985 0
-4.623977331934923 -8.107667577326199 0
4.079337708133755 1.306018140569316 1
7.297678069225356 3.5442229764960764 0
3.021362455147136 8.532568136892607 0
8.29010227625269 8.994491474842022 1
7.737578406944351 8.298063377625926 0
9.613118437657295 -7.128173676960056 1
-4.244856127565995 9.3528890935595 1
-9.230634125542638 3.2038294141822625 0
-4.65371375462407 -2.82852016607249 1
-9.370859930099165 -5.46612666541503 0
-9.701416055624549 -0.03703682842109757 0
6.9884508346035155 -4.979400441320432 0
-4.882640777871121 -7.297826470237256 1
8.116552855003903 -9.231580145759482 1
1.2779558073836057 9.553650234324973 0
3.5957302852814657 2.054356826783801 1
-3.1971952411188393 -3.2034855506241584 0
8.624186119975278 -5.475978690732952 0
5.105884203948236 -5.267727860921045 1
-1.0754313868193286 8.309882856354001 1
-5.217294424205024 8.083540355190411 1
-3.089142267338576 5.909639781221202 0
-2.254063339276997 -8.318565179268749 1
0.10293974181956855 -4.6950511618356945 1
-0.5198037381066811 -0.5959074826310093 0
0.9396168025095477 4.145241011397294 0
4.774394029969022 6.1225954002941165 0
6.950173391000543 -6.207161815723998 1
4.407743041779542 4.406576077830589 0
-8.883621667610932 6.7039690941729475 0
3.7568231896072852 0.8905287165382134 1
0.8772588080258625 7.106589399445912 1
-3.73949412248934 -7.656314282774801 1
-8.717884014579088 -2.578729332181913 1
9.63732606479481 7.455863885727876 0
-3.8488417312811656 1.1265776665227527 0
4.039188598752208 6.347126546906967 0
0.9276423461755492 9.56845525495455 0
-4.102097748279007 -6.1117336728193195 0
-8.301642405778157 -9.555137002592227 0
7.596623039923248 -5.8059603173402285 1
5.400789845719638 2.3984586245502193 1
5.50430381293304 5.033130757266935 1
3.5317963327360857 -5.54780427718428 0
4.147894959942844 -1.3729840198506427 0
-3.5589707368505614 2.8624527890403684 0
2.9043358013941827 2.073421589319297 1
1.7619045262130655 -4.343357110492445 0
-1.304791569762532 -2.6619791750215205 0
9.789011914600799 9.231912833810863 1
-9.402166192688917 3.3930583454781917 0
3.940020979285684 -1.0892198229699588 1
0.4098047601276633 6.315334793308125 0
7.43709144180022 7.381055368941116 0
1.2490367528603343 -0.4953308948890083 1
1.7160458902019133 -5.471062384341449 0
3.4976498263403037 -4.625630866894717 0
-4.268322163661173 1.0342972166185032 1
3.5342419773753164 8.702611433159358 0
1.4001384398310375 0.7831631410770896 0
-6.806306451990789 -7.473124124763495 0
0.019577211310730647 6.479873940948245 0
4.655798344834555 4.614871961794151 1
3.5848803009499477 -0.7611307327661159 1
4.365686728930299 0.5932138674651206 1
-1.772091647582112 4.161237846823036 1
-5.817725066832551 -4.227925940720496 0
7.690822039114291 -5.485749662385415 1
9.585657106488014 -3.823783424963347 0
-8.044847459752436 6.520500342190665 1
3.8854822906926323 -3.6243024160266586 0
-5.397502217362938 0.9689638387437256 1
9.184497017809655 -7.321900630734688 0
-7.9455505338263555 -6.471997639032374 0
-6.890768987783011 9.458001462048703 0
-1.4280015840275446 1.0207616721150892 0
-6.169268368443868 -7.191749413458974 0
0.8613223453412466 7.693941714393759 0
-0.13827261689222503 2.3680803207857366 1
8.665677169945369 -1.760532427774148 0
5.121330737527652 5.421867256047088 0
7.116467582555838 -6.626828221520533 1
-3.6430377073578946 -1.0842592493835 0
-3.2747316999715315 2.391474249116783 1
-5.8129801307130595 1.199081203310417 0
2.2687978312881754 -0.960424771108773 1
-1.9055244242588643 3.1554038120266465 1
-4.670067250927181 3.3416406989592335 0
-8.829634515859485 -6.900581841974567 1
5.039186602234391 0.3636690897351098 1
1.357660602376427 2.8790853247632313 0
9.209906034442131 -9.379022849127933 0
0.10753012500701864 -4.747584419118809 1
-2.7550037122152222 9.968767304130498 0
3.4544375641527942 7.768302395039765 1
-9.63976697856791 -3.911119577286623 0
-9.725882159400399 -0.5118814556316451 1
4.2086929734353085 -9.282000864383482 0
-6.417089733742527 -5.798895486834754 1
-7.903380414845227 -8.231960109863689 0
-8.904182690180416 -0.5667736380793453 1
-5.954785183316435 8.475091347820541 0
1.076852407722681 -1.0768466799986882 0
4.785127492382369 4.267172223906943 0
0.028691903287466403 -7.2359607081383075 0
-2.722730941824068 7.588189759047307 1
4.566513215117498 -2.3707317774308816 1
9.406455545327848 3.0046081881624627 0
-5.332998979359016 5.638265587227259 1
3.9197619611402885 5.965861899485599 1
-7.0099604742018595 -8.37621684272045 0
-2.2111376502914997 5.163191982644735 0
-0.8883102983513229 -8.400899607049928 0
-7.251969800186404 -1.6970443649994138 1
6.570886106188656 4.632224192168131 1
9.700465619064694 8.685598768820356 1
-2.770512292459733 4.670268131596572 1
-7.739911701336284 6.208378670727914 1
6.9085440368127 5.030249511985518 1
8.282939670024351 0.6784978926820706 0
-4.985904656894553 7.335213955180713 0
-3.912282546102208 1.158954528459308 0
-7.3735853086541825 -7.706886385921832 0
-5.627279955339919 -3.038660799768973 1
-3.586205130444837 -6.591527419094037 0
-5.208474134992544 -2.514996787219143 1
6.179081359944437 -3.680349858539649 0
9.449428687471624 8.375801536632054 0
-5.598302891760949 0.3329937623107586 0
-8.24348102284139 -1.7098708811187446 0
9.368043491089246 3.358419224468099 1
5.797442926599389 6.236309586228554 0
4.683540987067133 9.152973251508008 0
0.7678974925588573 -4.9480598934475495 1
9.98568534334622 6.838714410245455 1
-7.180275621617998 6.058754912843046 0
3.269460688194215 -1.4777164355257568 0
0.5383018346883262 8.031139808679846 0
-2.0773854959658884 1.7217575674328742 0
0.10063188010624202 8.644192465379327 1
-6.944175048828434 -4.272584189651112 0
4.9078284329690565 2.0410586648690163 1
7.67759395159516 -9.862184765436346 1
-9.846754482869063 -9.372746947951962 1
0.8185930106874686 -1.2638712990534309 1
-6.600063562187191 7.79455301552537 0
1.6138518780797675 2.4015892086326573 0
-6.81945999004403 9.986108636400996 0
-4.387223292989539 7.263513473581526 0
2.5825828322784368 -1.6328670143111843 0
5.046837643365079 -3.1385508722082083 1
-6.478686181841278 1.388402288645036 1
0.18660670784301736 8.827729026751967 0
6.421519842558105 -4.046125945555021 1
6.635063196112462 0.520097381051416 0
0.481505801247442 7.645415226383211 1
2.129476763994978 -4.147456501630902 0
-9.380219204590992 -8.042736681629819 1
-8.801562308172976 -6.050700374454476 1
3.362856383758988 -1.7802944189634378 0
3.361689890325703 1.358593928303657 1
-5.094441907241382 3.8062284131625326 0
-3.421844527583655 -7.867018332273017 1
-2.8663805809109766 1.007572434293536 1
-7.25982970112641 -5.71621377935357 0
3.5601690224086084 -3.2436936636121665 1
3.535478446995139 -9.877134649403194 0
-4.5714127304618195 -5.468364077952592 1
-3.016355116244595 4.6288127200931335 1
3.2219258826682733 -8.712762559726388 1
1.902056857983963 -7.371410435152155 1
-6.340669191179737 1.799445890794189 0
4.99655129035421 -2.476305832121028 1
1.9512156240637744 -6.7932937454965465 1
-2.240308129918258 8.592180632180938 1
5.908644519085236 -5.163221586019244 1
6.292873203014295 7.4783772850211925 1
0.6005442540268913 -3.486009380210322 1
-3.549497509198922 -4.752262377988741 0
-9.561101869452543 2.9774074836639457 0
-5.696335837478619 7.364413758958381 0
-5.441037979783032 3.9560042118353227 0
5.04951557812651 5.116311542596176 1
4.281686860865792 -9.972199946751081 0
0.17339942100647754 -4.553965349900102 0
4.871705129723786 9.61037292373565 0
6.821470640071567 3.85667006123348 1
6.618452417002491 -8.137602126751219 0
-2.973524826045127 2.526794070345723 0
0.16546317036076452 7.688940949692622 1
-6.8385076877527435 5.790333602486742 1
-8.868215911934406 -7.65216580143141 0
-3.13054000638955 0.4743166213099137 1
6.3451444950321445 6.6574467441389125 1
8.479724958039697 0.8671207523614388 1
7.551417798860104 -1.9028758395988188 0
7.734844163279803 -0.04100445345806669 0
-0.038256621014312486 0.7142314672410421 0
9.252571582640261 -8.867577666482763 0
3.2630568969990073 6.554595159932642 0
9.437878830174022 -6.59046410478505 0
-2.73509431365561 -2.769728469519343 0
-1.8330517027847844 8.837546786941196 1
1.1329128216131323 -8.711927765006829 1
-3.446328961950962 -0.45419407956787516 0
-7.357245392910238 0.6961841417363246 0
5.077370653664428 7.863386269701827 1
-8.623982633439432 -7.583124601579088 1
-6.208710702742826 8.555485600127476 0
6.640059164817188 -3.048525350645197 0
-7.023077970491183 -2.0929021649150847 1
8.481179770012798 -8.245366352924307 1
-4.895941113643243 2.398619930472032 0
5.840413375030135 1.6278352659677875 0
-7.932279330248324 8.565675221153828 0
3.1555665586075943 6.205883354046694 0
-0.7818318792876067 8.424002775875607 1
5.922005317635859 3.5149192059479333 1
0.832572440780389 6.022191103734794 1
3.479044906649886 3.191817760536189 1
-2.2504748521630287 1.8226621980325888 1
-5.094211464734586 -8.303759633961747 0
2.903174962184437 7.92228456424732 1
-3.007366756405414 -6.4030898002655885 0
-4.940613307285822 -6.111549884087237 0
7.0503244494472135 1.792038910199027 0
6.529106284346838 -1.6318940288951467 1
-3.6578651720681137 -1.8964056000383227 0
2.7337623897788816 8.62544125298951 1
-7.859579665255052 8.791477936270017 1
0.9594684563208666 -4.1055948033849425 0
-2.5987731942791097 5.664851429143461 1
-1.2502513292301547 -4.896399321966227 1
8.865761014858105 9.802168093835569 0
4.100339332460372 -8.190404652857154 1
-0.48876359225816657 -7.529458843883168 1
-8.163121981881963 9.103975422190693 1
1.268645009949969 3.1134625674673835 1
-3.9180661935279115 5.701468359180659 0
-0.9149718767858506 -3.128853618305376 0
9.359720482020254 5.62641910935487 1
4.922135602906639 9.583957710264102 1
-9.169549751620131 -1.3660233630071534 0
4.5091062471548415 -9.933151187159009 1
-5.494764283685363 -0.424431521570213 1
2.297422985142113 2.0708468651585115 0
0.3016262985031446 -8.569217942138703 1
-1.3162877942871827 3.6533289182407724 1
9.767109959017692 9.401336951733509 0
-3.1671473753562402 -7.956320093740324 0
-6.0929628493091865 -2.2308323287566756 0
2.695127056422761 -2.556246192049696 0
7.29408733954542 -8.25684868617622 0
0.3842653393761619 6.8772647372503535 0
-2.1879945743057654 1.217413381281121 0
1.4398501073961878 0.6613657914346582 0
1.423135296359856 1.778904133206435 0
4.054506214911044 0.4627355859722613 1
7.0892165828002724 -4.566666137430479 0
-6.369540117924711 -3.3700883812383564 1
8.999317304815559 8.15225547254083 1
-1.7365304960631978 3.6937264970788206 0
4.3429438883812175 -9.658888773103458 1
6.649006088433836 3.2427511686194173 1
-2.554055365483679 -8.667179238484595 0
-1.4981144371672137 -3.234002859349257 1
3.2439014325209214 -3.5143229348662945 0
-5.099940115907772 -1.0857183281609117 1
-4.250633105311539 -7.9519473166818955 1
1.175350151335321 3.8129135394337617 1
-4.900192745419993 6.520938736206755 1
2.5955006948226433 8.658652262701573 1
-3.1538186904611543 -4.04946919636749 1
8.170703682454729 -2.1886067879430087 1
9.401508913514483 0.5502220572803029 1
7.816738089758214 -5.27286082522453 0
5.92194694421584 3.0934442673329148 1
-6.92427231800627 7.061409688052841 1
-2.886649053239263 -1.6803234281440318 1
-2.1165464160978997 -9.269359245148678 0
-5.746787031067981 -2.4754951547812842 1
0.3185612010336598 -0.29793236285682134 0
-6.587574027318157 4.723072906720791 1
7.893271389889989 -4.491958038940272 1
-5.592723776449608 -5.162608332448235 0
-5.647118074906141 7.126111200172669 0
-0.9988171291722203 3.959313949815362 0
7.449640307948737 4.209507132222065 1
-8.9693660291194 -7.938277544629944 0
-7.983591419176202 -5.099067703217446 1
7.777087012860228 -9.503234111813521 0
-9.610102514624062 7.0998541526184695 1
-9.697121518354649 -6.3211713410980614 1
8.003709402257776 4.4538941859513255 1
-4.248804233004215 5.159115839785958 0
-7.60882557396627 -2.3044948508942653 0
-8.78479782218444 -4.020564968287452 0
-8.472913500090243 -3.0886142723712684 1
-1.1082469640098793 -6.980108539487611 0
-3.408576211280618 5.952912300714377 0
-4.704789563320013 -7.87595447009063 0
-9.583349722765348 8.229524920475505 1
-9.408414382693941 3.5185268330807435 1
-9.658168243348921 2.9421714638913183 1
4.963933679266187 -1.8508568540917274 0
2.1973813204128305 5.510040072254123 0
4.280547125473785 -3.385026557503876 0
-8.780721294088883 3.0835027707349703 0
-5.720119888944602 -0.8194163480304155 1
-0.7175283478495125 4.763432396023262 0
-4.113222962689309 -2.3368150266599574 1
0.07080109080738417 8.708076897925427 1
9.471677788008822 2.492494775322065 1
9.167546370305114 5.713706697532086 0
-8.506440817119444 5.650195528424341 0
-4.6544482767575275 2.72421464777495 0
-6.988353897844379 -9.599068272479684 1
-9.578050207018368 -1.8235000679617546 1
-5.956850617582267 9.617746944046118 1
0.9623787687666301 -8.980748208656406 1
2.8641447013625374 0.5962716131335295 1
-5.355851819854578 -2.989771572645732 1
-6.305717708287193 -7.263536176966346 1
-1.2025933406331575 0.7967644279930148 0
-5.542542997091841 -6.7127081620431746 1
7.440414715447076 -0.10204296630671195 0
4.2433552534082075 -3.5274459510546734 1
9.601656528954898 -5.5454569175499895 1
-8.068433454072109 -9.72535055952828 0
6.535296427900384 7.290409479503531 1
4.458457441090982 1.7891658099952057 0
8.370226394563865 -9.193421527566228 0
-5.8087017696900105 0.4505145841979328 1
6.602819514094385 9.25644912074383 1
9.19879247481962 2.052713116081893 0
